// Write all the IDs of your pieces (see MapManager.cs, line 62)
// Separate all pieces by a comma ','
// Separate all blocks by a new line
// All pieces from a block need to fall before the pieces of the next block start falling
// The order within the same block is random
11,16,5,12
12,6,11,1
1,16,3,11,10
16,12,10
2,10,14
11,3,12
12,15,2
8,15,1,12
15,3,10
10,11,10,1,3
12,12,16,16
14,10,5,4,16
7,10,13
4,11,12,13,11
7,3,12,1,1
8,15,3
11,11,10,6,12,11
3,15,13,2
5,2,14,11,10
12,16,9,8,10,12,7
1,1,10,11,12,13,15
11,16,10,12,2
12,16,10,11,10,4,6
5,3,5,11,4,14
10,11,12,7,10,14
12,6,5,14,1,12
1,1,15,15,11,8,6
12,12,11,16,15
3,12,10,11,14,13,11
15,13,12,12,1,6
5,4,12,3,13
5,14,13,12,12
16,11,11,4,2,10,12
12,1,11,11,16,4,9
1,16,11,12,10,11,5,2
13,11,11,12,12,2,4
1,2,3,4,5,6,7,8,9,10,11,12,13,14,15,16